1 2 3 4
5 6 7 8
9 10 11 12
13 14 15 16
1 2 3 4
12 13 14 5
11 16 15 6
10 9 8 7

Ответы
Для 1 матрицы:
 1:
   6   7   8
  10  11  12
  14  15  16

 2:
   5   7   8
   9  11  12
  13  15  16

 3:
   5   6   8
   9  10  12
  13  14  16

4:
   5   6   7
   9  10  11
  13  14  15

5:
   2   3   4
  10  11  12
  14  15  16

6:
   1   3   4
   9  11  12
  13  15  16

7:
   1   2   4
   9  10  12
  13  14  16

8:
   1   2   3
   9  10  11
  13  14  15

9:
   2   3   4
   6   7   8
  14  15  16

10:
   1   3   4
   5   7   8
  13  15  16

11:
   1   2   4
   5   6   8
  13  14  16

12:
   1   2   3
   5   6   7
  13  14  15

13:
   2   3   4
   6   7   8
  10  11  12

14:
   1   3   4
   5   7   8
   9  11  12

15:
   1   2   4
   5   6   8
   9  10  12

 16:
   1   2   3
   5   6   7
   9  10  11

Миноры для второй матрицы
 1:
  13  14   5
  16  15   6
   9   8   7

 2:
  12  14   5
  11  15   6
  10   8   7

 3:

  12  13   5
  11  16   6
  10   9   7

 4:
  12  13  14
  11  16  15
  10   9   8

 5:
   2   3   4
  16  15   6
   9   8   7

 6:
   1   3   4
  11  15   6
  10   8   7

 7:
   1   2   4
  11  16   6
  10   9   7

 8:
   1   2   3
  11  16  15
  10   9   8

 9:
   2   3   4
  13  14   5
   9   8   7

 10:
   1   3   4
  12  14   5
  10   8   7

 11:
   1   2   4
  12  13   5
  10   9   7

 12:
   1   2   3
  12  13  14
  10   9   8

 13:
   2   3   4
  13  14   5
  16  15   6

 14:
   1   3   4
  12  14   5
  11  15   6

 15:
   1   2   4
  12  13   5
  11  16   6

 16:
   1   2   3
  12  13  14
  11  16  15
